0.000000 5.360000
1.000000 5.110000
2.000000 4.860000
3.000000 4.610000
0.000000 4.360000
1.000000 4.110000
2.000000 3.860000
3.000000 3.610000
0.000000 3.360000
1.000000 3.110000
2.000000 2.860000
3.000000 2.610000
0.000000 2.360000
1.000000 2.110000
2.000000 1.860000
3.000000 1.610000
0.000000 1.360000
1.000000 1.110000
2.000000 0.860000
3.000000 0.610000
0.000000 0.360000
1.000000 0.110000
2.000000 -0.140000
3.000000 -0.390000
0.000000 -0.640000
1.000000 -0.890000
2.000000 -1.140000
3.000000 -1.390000
0.000000 -1.640000
1.000000 -1.890000
2.000000 -2.140000
3.000000 -2.390000
0.000000 -2.640000
1.000000 -2.890000
2.000000 -3.140000
3.000000 -3.390000
0.000000 -3.640000
1.000000 -3.890000
2.000000 -4.140000
3.000000 -4.390000
0.000000 -4.640000
1.000000 -4.890000
2.000000 -5.140000
3.000000 -5.390000
0.000000 -5.640000
1.000000 -5.890000
2.000000 -6.140000
3.000000 -6.390000
0.000000 -6.640000
1.000000 -6.890000
2.000000 -7.140000
3.000000 -7.390000
0.000000 -7.640000
1.000000 -7.890000
2.000000 -8.140000
3.000000 -8.390000
0.000000 -8.640000
1.000000 -8.890000
2.000000 -9.140000
3.000000 -9.390000